27 56948279 36019505 0.0019948482513427734
28 154468757 94211339 0.002991914749145508
29 143235457 48833005 0.0029807090759277344
30 631704719 336403657 0.00797581672668457
31 704801507 379623361 0.0049855709075927734
32 2333484313 1041538643 0.01595759391784668
33 2136334951 1101023737 0.012998580932617188
34 8127276167 2384364883 0.028954029083251953
35 8347671923 1647743513 0.028954029083251953
36 56601162043 13861990549 0.08177971839904785
37 36248231263 869008021 0.059873104095458984
38 135185823407 19963355923 0.11771845817565918
39 144897204547 25193541297 0.12969088554382324
40 579225477967 165476078981 0.19946527481079102
41 795304387811 151990500133 0.26930975914001465
42 2909380732289 549221432761 0.5038313865661621
43 2433310981793 2193646815707 0.40395331382751465
44 12231564986099 10511898071263 1.1700611114501953
45 5764752489191 2744304613273 0.7146625518798828
46 31453905273233 22118008181827 1.8457674980163574
47 44148048735781 24622277695007 1.9228692054748535
48 114840074406677 73756882705781 3.2151682376861572
49 132071704171709 72546100858795 2.906017303466797
50 573933758986163 505372152865829 8.041794776916504
55 10001479279178683 4357636955496211 25.312709093093872
