16 55973 0.0
32 2391481447 0.0
64 9866942987094293231 0.0
128 200204320129102840692507865686054970891 0.0
256 35124580376185573160722627827146002453250692424848006043841815513021961140137 0.0
384 17122829322261985218236392780167498054942059950723940557669628209726147054544982986944371497146598906408389886260123 0.0
512 10267279383104991889144534389779377947317705007720155921808384300286251075667578396437442006975750488168966344569484198306824671465391535147559951620531441 0.0
768 751493127333538440546298942176040638518453040174229836245177040700512727910929892093418387229640395443190768510806912956990453607798532748343279375263910130865895864968306218471777332059184580732825383454728139776641277479438580157 0.000997304916381836
896 299900565668122252867173692169580998335426005754713027021827366425322535907076574314586157764731740038260304679767674152429375803828181437703745589972958345955878769913437938233945262826259972244501471008072638438530385111379071815575248191993476003204733484567903787207 0.001996755599975586
960 5760446971650955969901650780324904586367986245731217719177350078555475802648194410352507202661600264716477840299040878227803193171966480540873681621939038237949892608648074307916969001545899345156472939882624614246390943184853388941252268580799595071856878257279299062354404172266582996617 0.0029916763305664062
1024 93046724664377933156335953806909783515969296845713777343540227648724106280654921726705071929065132675188599189545726928539551391233085432804995311003679416949763377270503971171778004441811874350950314294569465898212447717395253536639337961209706702344476999301303543168541819533469936962552998200901116131897 0.0029888153076171875
