27 66639449 3634963 0.0009970664978027344
28 121688401 14708863 0.0029921531677246094
29 203042447 21904475 0.0029914379119873047
30 587265529 397060151 0.00598454475402832
31 1566793619 649821863 0.009972095489501953
32 3552589303 2515329053 0.018982410430908203
33 4514340443 1008500215 0.016954660415649414
34 6554375111 1086337493 0.02293992042541504
35 21828371857 15494961701 0.03193926811218262
36 27042220957 24349335217 0.052858829498291016
37 121705257613 2569464231 0.09873461723327637
38 161354531851 148514849409 0.12579798698425293
39 258935788703 144947913013 0.09976005554199219
40 605521264151 80926341557 0.21741819381713867
41 734452192289 217382567321 0.19463300704956055
42 2475401660089 47758856687 0.3720359802246094
43 2331699134657 2029899201307 0.33214592933654785
44 13013914276877 10529003485081 0.9933993816375732
45 19588773348059 10842623419393 1.0803191661834717
46 32139880063079 20501437861373 1.315422534942627
47 83912662956079 45956079337009 2.2074410915374756
48 138406480408489 107433932387241 2.9435391426086426
49 222112725910157 162492151125481 2.839125633239746
50 514794847045091 10926886523821 5.5950634479522705
51 1399406444177279 1248368658024119 10.112390995025635
52 2868072525397669 55118009330835 16.04930281639099
53 3511998010484203 2148704407523885 13.5525062084198
54 11720828127866591 653591298174403 33.32453513145447
55 24401456370154207 19401596883232127 30.286826610565186
56 43510501915042621 30525936648064337 55.308777809143066
57 53250681102512287 25697525876570197 44.53881549835205
58 183754405311063947 79307646847307543 116.18765187263489
59 497467439147035103 407893276211076757 156.00170731544495
60 410657455634976761 344659568588877559 1104.9031307697296
61 1211426170467507889 445413251825758081 223.85751056671143
62 3620574569420697509 1564078174144756903 626.0614101886749
63 6777662223020533513 4282207129477359041 916.7529864311218
64 5572915493202517403 907414611292357601 1026.0711963176727
