27 86328061 42818521 0.0
28 159551803 114952493 0.0
29 300237583 149280513 0.0
30 840670429 481483841 0.0009963512420654297
31 1678147223 108381851 0.0029599666595458984
32 3200429933 2377551349 0.003990888595581055
33 2921514149 2750076521 0.0029909610748291016
34 8765719657 6602428531 0.005984067916870117
35 19773310457 7617915739 0.005984783172607422
36 33585355753 19209541757 0.011006832122802734
37 83588431393 66772530119 0.014991521835327148
38 147578599627 66161258783 0.022940397262573242
39 459257627513 176236155313 0.030923128128051758
40 610877616913 506220831301 0.04189300537109375
41 1212969508117 276285995519 0.04188728332519531
42 3964445984047 2635783829467 0.12769222259521484
43 4100846705239 2200499563691 0.10072994232177734
44 12246953500459 5090593541981 0.19052624702453613
45 24464765536103 2240103069575 0.2074439525604248
46 42285106752209 9838374501131 0.3760390281677246
47 55522394206957 51145335287347 0.3441140651702881
48 72890547183031 21065877916563 0.5417685508728027
49 223332932449961 12192333597073 0.6552789211273193
50 673619662416227 31970352508943 1.6386334896087646
51 1208491186909063 962552588007679 2.0475339889526367
52 1987721548879699 207398273380313 2.369997024536133
53 3076143145530407 1457326433757769 2.210700273513794
54 6942808907196923 2392390435057739 4.462581634521484
55 26139370278698251 22229772071446971 7.070262908935547
56 31553235826752463 4290975567897527 11.272948741912842
57 129503774969346737 28564087060434491 15.606218576431274
58 234903492347475163 91055565411230947 29.92790126800537
59 316919850328251007 65762227731643127 19.796976566314697
60 760314465786670937 53930316508787555 45.999860763549805
61 1179763627813585487 872396849625502513 52.22942543029785
62 2953352521126643093 294378349677973351 145.1692600250244
63 5782582556718081811 1267047593431778859 276.2654299736023
64 9339519877232130427 7887625054656871159 422.4864573478699
