27 51711221 20702347 0.0029997825622558594
28 152901143 33022993 0.004975080490112305
29 226103219 115328309 0.008006095886230469
30 411183613 48960301 0.010023355484008789
31 870952231 302538549 0.01500558853149414
32 1831196867 767319433 0.03581881523132324
33 2713897247 1806350371 0.027726173400878906
34 7549157111 4974707869 0.05886197090148926
35 27919143281 279936299 0.08378219604492188
36 37494085619 5212379977 0.11747407913208008
37 59512792067 23254496875 0.14378595352172852
38 146000258759 40844170447 0.21574044227600098
39 265416018011 86477802001 0.3108024597167969
40 452112451823 22938185623 0.3978431224822998
41 1214358425681 595958976611 0.675020694732666
42 2121926536603 1688628677821 0.9378316402435303
43 5917323460577 2345789629379 1.0760226249694824
44 8844788159309 4275784148293 2.0715932846069336
45 15683347911073 3512871313471 1.5860440731048584
46 30889456505153 10164148194871 3.0324862003326416
47 88318969556567 4335522651809 3.5771915912628174
48 203171529148979 193732740429133 8.414083480834961
49 298945652598997 5027961317153 10.524407386779785
50 543327946954547 12435672268613 15.027344226837158
51 1513571636625157 1282110785978587 18.40403914451599
52 2784285195189559 259403939755577 30.19770836830139
53 5311070864273309 3376218228840553 38.00063729286194
54 9926658306807367 1540428145489667 55.52618479728699
55 27241484940754937 26212042975684139 83.74630379676819
56 29820200566008397 28416735198029005 99.95521426200867
57 97398833083272629 86957483410466705 127.89061617851257
58 196464373741857401 186365048656254971 268.4688153266907
59 356625790887257707 140430486887509627 336.6635446548462
60 694927921853628763 247463071491259237 524.26118516922
61 1381751952922398347 455361379337560819 429.9223566055298
62 1285694994238762799 182907440716064045 320.6991477012634
63 7514882253923140423 7464859655138682283 814.0924127101898
64 14643859794420254303 5718805867486828721 1557.5617034435272
