28 0.0 0.0
29 0.0 0.0
30 0.0 0.0
31 0.0 0.0
32 0.0 0.0
33 0.0 0.0
34 0.0 0.0
35 0.0 0.0
36 0.0 0.0
37 0.0 0.0
38 0.0 0.0
39 0.0 0.0
40 0.0 0.0
41 0.0 0.0
42 0.0 0.0
43 0.0 0.0
44 0.0 0.0
45 0.0 0.0
46 0.0 0.0
47 0.0 0.0
48 0.0 0.0
49 0.0 0.0
50 0.0 0.0
51 0.0 0.0
52 0.0 0.0
53 0.0 0.0
54 0.0 0.0
55 0.0 0.0
56 0.0 0.0
57 0.0 0.0
58 0.0 0.0
59 0.0 0.0
60 0.0 0.0
61 0.0 0.0
62 0.0 0.0
63 0.0 0.0
64 0.0 0.0
65 0.0 0.0
66 0.0 0.0
67 0.0 0.0
68 0.0 0.0
69 0.0 0.0
70 0.0 0.0
71 0.0 0.0
72 0.0 0.0
73 0.0 0.0
74 0.0 0.0
75 0.0 0.0
76 0.0 0.0
77 0.0 0.0
78 0.0 0.0
79 0.0 0.0
80 0.0 0.0
81 0.0 0.000997781753540039
82 0.0 0.0
83 0.0 0.0009968280792236328
84 0.0 0.0
85 0.0 0.0
86 0.0 0.0
87 0.0 0.0
88 0.0 0.000997304916381836
89 0.0 0.0
90 0.0 0.0
91 0.0 0.0
92 0.0 0.0
93 0.0 0.0
94 0.0 0.0
95 0.0 0.0
96 0.0 0.0
97 0.0 0.0
98 0.0 0.0009970664978027344
99 0.0 0.0
100 0.0 0.000997781753540039
101 0.0 0.0
102 0.0 0.0
103 0.0 0.0009968280792236328
104 0.0 0.0009980201721191406
105 0.0 0.0
106 0.0 0.0
107 0.0 0.0
108 0.0 0.0
109 0.0 0.0
110 0.0 0.0
111 0.0 0.0
112 0.0 0.0
113 0.0 0.0
114 0.0 0.0
115 0.0 0.0
116 0.0 0.0005576610565185547
117 0.0 0.0
118 0.0 0.0
119 0.0 0.0
120 0.0 0.0
121 0.000997304916381836 0.0
122 0.0 0.0
123 0.0 0.0
124 0.0 0.0
125 0.0 0.0
126 0.0 0.0
127 0.0 0.0
128 0.0 0.0
129 0.0 0.0
130 0.0 0.0
131 0.0 0.0
132 0.0 0.0
133 0.0 0.0
134 0.0 0.000997304916381836
135 0.0 0.0
136 0.0 0.0
137 0.0 0.0
138 0.0 0.0
139 0.0 0.0
140 0.0 0.0
141 0.0 0.0
142 0.0 0.0
143 0.0 0.0
144 0.0 0.0
145 0.0 0.0
146 0.0 0.0
147 0.0 0.0
148 0.0 0.0
149 0.0 0.0
150 0.0 0.0
151 0.0 0.0
152 0.0 0.0
153 0.0 0.0
154 0.0 0.0
155 0.0 0.0
156 0.0 0.0
157 0.0 0.0
158 0.0 0.0
159 0.0 0.0
160 0.0 0.0
161 0.0 0.0
162 0.0009984970092773438 0.0
163 0.0 0.0
164 0.0 0.0
165 0.0 0.0
166 0.0 0.0
167 0.0 0.0009968280792236328
168 0.0 0.0
169 0.0 0.0
170 0.0 0.0
171 0.0 0.0
172 0.0 0.000997781753540039
173 0.0 0.0
174 0.0 0.0
175 0.0 0.0
176 0.0 0.0
177 0.0 0.000997781753540039
178 0.0 0.0
179 0.0009984970092773438 0.0
180 0.0 0.0
181 0.0 0.0009970664978027344
182 0.0 0.0
183 0.0 0.0
184 0.0 0.0
185 0.0 0.0
186 0.0 0.0
187 0.0 0.0
188 0.0 0.0
189 0.0 0.0
190 0.0 0.0
191 0.0 0.0009701251983642578
192 0.0 0.0
193 0.0 0.0
194 0.0 0.0
195 0.0 0.0009970664978027344
196 0.0 0.0
197 0.0 0.0
198 0.000997304916381836 0.0
199 0.0 0.0
200 0.0 0.0
201 0.0 0.0
202 0.0 0.0
203 0.0 0.000997304916381836
204 0.0 0.0009720325469970703
205 0.0 0.0
206 0.0 0.0
207 0.0 0.0
208 0.0 0.0
209 0.0 0.0
210 0.0 0.0
211 0.0 0.0
212 0.0 0.0
213 0.0009965896606445312 0.0
214 0.0 0.0
215 8.678436279296875e-05 0.0
216 0.0 0.0
217 0.0 0.000997781753540039
218 0.0009975433349609375 0.0
219 0.0 0.0
220 0.0 0.0009989738464355469
221 0.0 0.0
222 0.0 0.0
223 0.0 0.0009984970092773438
224 0.0009970664978027344 0.0
225 0.0 0.0
226 0.0 0.0
227 0.0 0.0
228 0.0 0.0
229 0.0 0.0
230 0.0 0.0
231 0.0 0.0
232 0.0 0.0
233 0.0 0.0
234 0.0 0.0
235 0.0 0.0
236 0.0 0.0
237 0.000997304916381836 0.0
238 0.0 0.0
239 0.0 0.0
240 0.0 0.0
241 0.0 0.0
242 0.0 0.0
243 0.0 0.0
244 0.0 0.000997304916381836
245 0.0 0.0
246 0.0 0.0
247 0.0 0.000997304916381836
248 0.0 0.0
249 0.0 0.0009698867797851562
250 0.0009713172912597656 0.0
251 0.0 0.0
252 0.0 0.0009593963623046875
253 0.0009925365447998047 0.0
254 0.0 0.0009710788726806641
255 0.0009984970092773438 0.0
256 0.0 0.0
257 0.0 0.0
258 0.0 0.0
259 0.0 0.0
260 0.000997304916381836 0.0
261 0.000997304916381836 0.0
262 0.0 0.0
263 0.0 0.0
264 0.0 0.0
265 0.0 0.0009984970092773438
266 0.0009975433349609375 0.0
267 0.0 0.0
268 0.0 0.0
269 0.0 0.0
270 0.0 0.0
271 0.0 0.0
272 0.0 0.0
273 0.0 0.0
274 0.0 0.0
275 0.0 0.0
276 0.000997304916381836 0.0
277 0.0 0.0
278 0.0 0.0
279 0.0 0.0
280 0.0 0.0
281 0.0 0.0009987354278564453
282 0.000997304916381836 0.0
283 0.0 0.0009970664978027344
284 0.0 0.0009989738464355469
285 0.0 0.0009963512420654297
286 0.0 0.0
287 0.0 0.0
288 0.0 0.0009660720825195312
289 0.0 0.0
290 0.000997304916381836 0.0
291 0.0 0.0
292 0.0 0.0
293 0.0 0.000997304916381836
294 0.0 0.0
295 0.0 0.0
296 0.0 0.0
297 0.0 0.0
298 0.0 0.0
299 0.0 0.000997781753540039
300 0.0 0.0
301 0.0 0.0
302 0.0 0.0
303 0.0 0.0009961128234863281
304 0.0 0.0
305 0.0 0.0
306 0.0 0.0
307 0.0 0.0
308 0.0010306835174560547 0.0
309 0.0 0.0009648799896240234
310 0.0 0.0
311 0.0009970664978027344 0.0
312 0.0 0.0
313 0.0 0.0
314 0.0 0.0
315 0.0 0.0009663105010986328
316 0.0 0.0
317 0.0009980201721191406 0.0
318 0.0009975433349609375 0.0
319 0.0009975433349609375 0.0009989738464355469
320 0.0 0.0009658336639404297
321 0.0 0.0009663105010986328
322 0.0 0.0
323 0.0 0.0009658336639404297
324 0.0 0.0
325 0.0 0.0
326 0.0 0.0009961128234863281
327 0.0 0.0
328 0.0 0.0
329 0.0 0.0
330 0.0009980201721191406 0.0
331 0.0 0.0
332 0.000997304916381836 0.0
333 0.0 0.0009970664978027344
334 0.0 0.0
335 0.0 0.0
336 0.0009975433349609375 0.0
337 0.0 0.0009975433349609375
338 0.0 0.0009963512420654297
339 0.0 0.0009965896606445312
340 0.0 0.0
341 0.0 0.0009980201721191406
342 0.000997304916381836 0.0
343 0.0 0.0009975433349609375
344 0.0 0.000997304916381836
345 0.0 0.0009970664978027344
346 0.0 0.0
347 0.000997304916381836 0.0
348 0.0 0.0009975433349609375
349 0.0 0.001012563705444336
350 0.0 0.0
351 0.0 0.0
352 0.000997304916381836 0.000997304916381836
353 0.0009989738464355469 0.0
354 0.0 0.0
355 0.0 0.0
356 0.0 0.0
357 0.0 0.0009639263153076172
358 0.0009980201721191406 0.0
359 0.0 0.0
360 0.000997304916381836 0.0009975433349609375
361 0.0 0.0
362 0.0009932518005371094 0.0
363 0.000993490219116211 0.0009660720825195312
364 0.0 0.0009679794311523438
365 0.0009968280792236328 0.0
366 0.0009987354278564453 0.0009634494781494141
367 0.0 0.0
368 0.000997781753540039 0.000997304916381836
369 0.0 0.0
370 0.0 0.0
371 0.0 0.0
372 0.0009970664978027344 0.0
373 0.0009658336639404297 0.0
374 0.0 0.0009634494781494141
375 0.0009949207305908203 0.0
376 0.0 0.0009968280792236328
377 0.0009980201721191406 0.0
378 0.0 0.0
379 0.000997781753540039 0.0009961128234863281
380 0.000997304916381836 0.0009982585906982422
381 0.0 0.0009670257568359375
382 0.0009999275207519531 0.000965118408203125
383 0.0 0.0009853839874267578
384 0.0 0.0
385 0.0 0.0009665489196777344
386 0.0 0.0
387 0.0 0.000997781753540039
388 0.0 0.0
389 0.0 0.0
390 0.0 0.0
391 0.0 0.0
392 0.0 0.0
393 0.0 0.0009996891021728516
394 0.0 0.0009975433349609375
395 0.0 0.0009963512420654297
396 0.0 0.0
397 0.0 0.0009667873382568359
398 0.0 0.0
399 0.0 0.0
400 0.0 0.0009970664978027344
401 0.0 0.0
402 0.0 0.0010001659393310547
403 0.000997304916381836 0.0009975433349609375
404 0.0 0.000997781753540039
405 0.0019948482513427734 0.0
406 0.0009963512420654297 0.0
407 0.000997304916381836 0.0
408 0.0 0.0
409 0.000997304916381836 0.0009989738464355469
410 0.0 0.0
411 0.0 0.0009655952453613281
412 0.0 0.0
413 0.0 0.0
414 0.0 0.0009980201721191406
415 0.0 0.0
416 0.0 0.0
417 0.000997304916381836 0.0009975433349609375
418 0.0009958744049072266 0.0009996891021728516
419 0.000997304916381836 0.0
420 0.0 0.0
421 0.0 0.0
422 0.0 0.0009968280792236328
423 0.0 0.0009970664978027344
424 0.0 0.0
425 0.0 0.0
426 0.000997781753540039 0.0009660720825195312
427 0.0 0.0
428 0.0 0.0
429 0.0009975433349609375 0.0
430 0.0 0.0
431 0.0009968280792236328 0.0009658336639404297
432 0.000997304916381836 0.0
433 0.0009613037109375 0.0
434 0.0 0.0
435 0.0 0.0009975433349609375
436 0.0 0.0009667873382568359
437 0.00099945068359375 0.0009632110595703125
438 0.0009970664978027344 0.0009992122650146484
439 0.0 0.0
440 0.000997304916381836 0.0009961128234863281
441 0.0 0.0
442 0.0 0.0
443 0.000997304916381836 0.0009992122650146484
444 0.0 0.0
445 0.0 0.0
446 0.0009970664978027344 0.0009980201721191406
447 0.000997304916381836 0.0009975433349609375
448 0.0 0.0
449 0.0 0.0
450 0.0009996891021728516 0.0009653568267822266
451 0.0 0.0
452 0.0009992122650146484 0.0009634494781494141
453 0.0 0.0
454 0.000997304916381836 0.0009968280792236328
455 0.0009987354278564453 0.0
456 0.0009970664978027344 0.0009982585906982422
457 0.0009975433349609375 0.000997781753540039
458 0.0 0.0
459 0.000997781753540039 0.0009658336639404297
460 0.0009982585906982422 0.000997304916381836
461 0.0 0.0
462 0.0 0.0
463 0.0 0.0009586811065673828
464 0.0 0.0009665489196777344
465 0.0010297298431396484 0.0009961128234863281
466 0.00099945068359375 0.0009634494781494141
467 0.0009996891021728516 0.0
468 0.0009987354278564453 0.0009641647338867188
469 0.0009992122650146484 0.0009646415710449219
470 0.0009992122650146484 0.000993490219116211
471 0.00099945068359375 0.0009634494781494141
472 0.0 0.0
473 0.0009987354278564453 0.0009636878967285156
474 0.0009975433349609375 0.0009975433349609375
475 0.0 0.0009620189666748047
476 0.0009949207305908203 0.0
477 0.0010302066802978516 0.0009632110595703125
478 0.000995635986328125 0.0009663105010986328
479 0.000997304916381836 0.000997304916381836
480 0.0 0.0
481 0.0 0.0
482 0.0009965896606445312 0.0009963512420654297
483 0.0009658336639404297 0.0
484 0.0009965896606445312 0.000997304916381836
485 0.0 0.0
486 0.0 0.0
487 0.0009968280792236328 0.0009672641754150391
488 0.000997304916381836 0.0009987354278564453
489 0.0009968280792236328 0.0009667873382568359
490 0.000997304916381836 0.0009667873382568359
491 0.0 0.0
492 0.0 0.0
493 0.0009980201721191406 0.0009980201721191406
494 0.0009982585906982422 0.0009653568267822266
495 0.001001596450805664 0.0
496 0.0 0.0
497 0.000997304916381836 0.0009980201721191406
498 0.0009970664978027344 0.000997781753540039
499 0.0 0.0009667873382568359
500 0.0 0.0009620189666748047
501 0.0009996891021728516 0.0009646415710449219
502 0.0009968280792236328 0.0009984970092773438
503 0.0 0.0
504 0.0 0.0
505 0.0 0.0
506 0.0 0.0
507 0.0 0.0
508 0.0 0.0
509 0.00099945068359375 0.0009965896606445312
510 0.0010027885437011719 0.0009658336639404297
511 0.0 0.0
512 0.000997781753540039 0.0009963512420654297
513 0.0009968280792236328 0.000997781753540039
514 0.0009975433349609375 0.0009975433349609375
515 0.0 0.0009970664978027344
516 0.0 0.0009982585906982422
517 0.0009965896606445312 0.000997304916381836
518 0.0009975433349609375 0.000997781753540039
519 0.0 0.0009980201721191406
520 0.0 0.0009980201721191406
521 0.0 0.0
522 0.0010306835174560547 0.0
523 0.0009996891021728516 0.0009601116180419922
524 0.0 0.0
525 0.000997781753540039 0.0
526 0.0010285377502441406 0.0009646415710449219
527 0.0009968280792236328 0.0009655952453613281
528 0.0 0.0009665489196777344
529 0.000997304916381836 0.0009980201721191406
530 0.0010001659393310547 0.0
531 0.0009968280792236328 0.0011560916900634766
532 0.0009982585906982422 0.0009641647338867188
533 0.0010302066802978516 0.0009648799896240234
534 0.000997304916381836 0.0
535 0.0009968280792236328 0.0010306835174560547
536 0.0009996891021728516 0.0009653568267822266
537 0.00099945068359375 0.0009639263153076172
538 0.0009975433349609375 0.000997781753540039
539 0.0010306835174560547 0.0009632110595703125
540 0.0 0.0009646415710449219
541 0.0009925365447998047 0.0009698867797851562
542 0.0009989738464355469 0.0009644031524658203
543 0.0009992122650146484 0.0009632110595703125
544 0.0010306835174560547 0.000965118408203125
545 0.0009958744049072266 0.0009644031524658203
546 0.0009992122650146484 0.0009703636169433594
547 0.000993967056274414 0.0009660720825195312
548 0.0 0.0
549 0.000997304916381836 0.0009975433349609375
550 0.0009999275207519531 0.0
551 0.0 0.0009987354278564453
552 0.0 0.0
553 0.0 0.0009963512420654297
554 0.0009963512420654297 0.0011305809020996094
555 0.0010001659393310547 0.0009644031524658203
556 0.0 0.0009629726409912109
557 0.000997781753540039 0.0010292530059814453
558 0.000997304916381836 0.0009963512420654297
559 0.0 0.00099945068359375
560 0.0 0.0010302066802978516
561 0.0 0.0
562 0.0009970664978027344 0.0009672641754150391
563 0.000997781753540039 0.0010275840759277344
564 0.0 0.0009970664978027344
565 0.0009970664978027344 0.0009989738464355469
566 0.00099945068359375 0.0009632110595703125
567 0.0 0.0009965896606445312
568 0.0009970664978027344 0.0009980201721191406
569 0.0009980201721191406 0.0
570 0.000997304916381836 0.0009980201721191406
571 0.0009968280792236328 0.0025446414947509766
572 0.0 0.0009980201721191406
573 0.000997304916381836 0.000997781753540039
574 0.0009970664978027344 0.0009975433349609375
575 0.0009975433349609375 0.0010285377502441406
576 0.000997304916381836 0.0009980201721191406
577 0.0 0.0009975433349609375
578 0.0009975433349609375 0.0
579 0.00099945068359375 0.0009634494781494141
580 0.001027822494506836 0.0
581 0.0009970664978027344 0.000997781753540039
582 0.0009992122650146484 0.0
583 0.0 0.0009729862213134766
584 0.0009975433349609375 0.000997304916381836
585 0.0009992122650146484 0.0019927024841308594
586 0.0009584426879882812 0.0009989738464355469
587 0.0 0.000997304916381836
588 0.000997304916381836 0.0009975433349609375
589 0.0009975433349609375 0.0009975433349609375
590 0.000997304916381836 0.0019943714141845703
591 0.00102996826171875 0.0009634494781494141
592 0.0009951591491699219 0.0009658336639404297
593 0.0009665489196777344 0.0
594 0.0009989738464355469 0.0009648799896240234
595 0.0 0.0009920597076416016
596 0.000997781753540039 0.0009975433349609375
597 0.0 0.0009980201721191406
598 0.0009975433349609375 0.00102996826171875
599 0.001028299331665039 0.0009658336639404297
600 0.0020284652709960938 0.0009636878967285156
601 0.000997304916381836 0.001028299331665039
602 0.0009999275207519531 0.0009958744049072266
603 0.000997304916381836 0.000997781753540039
604 0.0009987354278564453 0.0010285377502441406
605 0.0009982585906982422 0.0009655952453613281
606 0.0009996891021728516 0.0009632110595703125
607 0.000997304916381836 0.0009975433349609375
608 0.0009999275207519531 0.0009982585906982422
609 0.000997304916381836 0.0009975433349609375
610 0.0009975433349609375 0.0009982585906982422
611 0.0010001659393310547 0.0009672641754150391
612 0.000997781753540039 0.0009963512420654297
613 0.0009961128234863281 0.0009980201721191406
614 0.0009951591491699219 0.001963376998901367
615 0.0009975433349609375 0.0009965896606445312
616 0.000997304916381836 0.0009996891021728516
617 0.000995635986328125 0.0009970664978027344
618 0.0 0.0009970664978027344
619 0.000997304916381836 0.0010280609130859375
620 0.0009937286376953125 0.0
621 0.0009975433349609375 0.0010347366333007812
622 0.00099945068359375 0.001993417739868164
623 0.000993967056274414 0.0009975433349609375
624 0.0010006427764892578 0.0009634494781494141
625 0.0010004043579101562 0.0009970664978027344
626 0.0009949207305908203 0.0019636154174804688
627 0.0 0.0009663105010986328
628 0.0009946823120117188 0.0010328292846679688
629 0.0009942054748535156 0.0009961128234863281
630 0.0009975433349609375 0.000997304916381836
631 0.0019936561584472656 0.001995086669921875
632 0.0009970664978027344 0.0009982585906982422
633 0.000997304916381836 0.0019948482513427734
634 0.0009963512420654297 0.0009980201721191406
635 0.0009975433349609375 0.000997304916381836
636 0.0009961128234863281 0.0019676685333251953
637 0.0009987354278564453 0.0009963512420654297
638 0.0019948482513427734 0.000997304916381836
639 0.0009894371032714844 0.0009970664978027344
640 0.0009970664978027344 0.0009968280792236328
641 0.000997304916381836 0.0009970664978027344
642 0.0009970664978027344 0.0019948482513427734
643 0.000997304916381836 0.000997781753540039
644 0.0 0.0009627342224121094
645 0.0009984970092773438 0.0009968280792236328
646 0.000997304916381836 0.0009992122650146484
647 0.0009968280792236328 0.000997304916381836
648 0.000997781753540039 0.0009975433349609375
649 0.0009665489196777344 0.0009915828704833984
650 0.0019888877868652344 0.0019941329956054688
651 0.001026153564453125 0.0009667873382568359
652 0.000997304916381836 0.000997304916381836
653 0.0009958744049072266 0.0009987354278564453
654 0.0010290145874023438 0.0009996891021728516
655 0.000997781753540039 0.0020284652709960938
656 0.0010128021240234375 0.0009980201721191406
657 0.000997304916381836 0.001995086669921875
658 0.0009946823120117188 0.0006406307220458984
659 0.0009961128234863281 0.001994609832763672
660 0.0009968280792236328 0.0020265579223632812
661 0.0009992122650146484 0.0009980201721191406
662 0.0010013580322265625 0.000978231430053711
663 0.0009963512420654297 0.0010223388671875
664 0.0009951591491699219 0.0019989013671875
665 0.0009667873382568359 0.000997781753540039
666 0.0009965896606445312 0.000997304916381836
667 0.0009965896606445312 0.000997781753540039
668 0.001994609832763672 0.000997304916381836
669 0.0009982585906982422 0.000997304916381836
670 0.0009887218475341797 0.0010001659393310547
671 0.0010306835174560547 0.0009624958038330078
672 0.0009944438934326172 0.0010302066802978516
673 0.0009937286376953125 0.0019943714141845703
674 0.0009989738464355469 0.0010268688201904297
675 0.000997304916381836 0.00102996826171875
676 0.000997304916381836 0.001994609832763672
677 0.0009968280792236328 0.001993417739868164
678 0.0009968280792236328 0.001995086669921875
679 0.000997304916381836 0.0019960403442382812
680 0.001995563507080078 0.0009975433349609375
681 0.0009970664978027344 0.001996278762817383
682 0.0009970664978027344 0.001995086669921875
683 0.0009975433349609375 0.0009968280792236328
684 0.001003265380859375 0.0009636878967285156
685 0.0009653568267822266 0.0010285377502441406
686 0.0009951591491699219 0.0019969940185546875
687 0.0019948482513427734 0.0009965896606445312
688 0.0019953250885009766 0.001993417739868164
689 0.0009927749633789062 0.0009965896606445312
690 0.0009975433349609375 0.001994609832763672
691 0.0010018348693847656 0.0019588470458984375
692 0.0019631385803222656 0.0019948482513427734
693 0.0009999275207519531 0.0010280609130859375
694 0.001995086669921875 0.002992868423461914
695 0.0019953250885009766 0.0019958019256591797
696 0.001028299331665039 0.0010044574737548828
697 0.0010008811950683594 0.000997304916381836
698 0.0010273456573486328 0.0009958744049072266
699 0.0019943714141845703 0.0019948482513427734
700 0.001993894577026367 0.0009984970092773438
701 0.001995086669921875 0.0010242462158203125
702 0.0019969940185546875 0.0019936561584472656
703 0.001994609832763672 0.000997781753540039
704 0.0009982585906982422 0.000997304916381836
705 0.000997781753540039 0.000997304916381836
706 0.0019922256469726562 0.0009703636169433594
707 0.0009975433349609375 0.0019948482513427734
708 0.000997304916381836 0.0009984970092773438
709 0.0009970664978027344 0.0019948482513427734
710 0.0009970664978027344 0.0019943714141845703
711 0.000965118408203125 0.0009696483612060547
712 0.0009951591491699219 0.0019621849060058594
713 0.001993894577026367 0.0009975433349609375
714 0.0009992122650146484 0.0019936561584472656
715 0.000997304916381836 0.0019958019256591797
716 0.002025604248046875 0.001997709274291992
717 0.001993417739868164 0.0010285377502441406
718 0.0019941329956054688 0.001960277557373047
719 0.0010280609130859375 0.0009982585906982422
720 0.0009975433349609375 0.001993894577026367
721 0.0019948482513427734 0.0009982585906982422
722 0.0019922256469726562 0.0019898414611816406
723 0.001994609832763672 0.0019953250885009766
724 0.0009989738464355469 0.0009984970092773438
725 0.0019943714141845703 0.0019948482513427734
726 0.000997304916381836 0.0019943714141845703
727 0.0009980201721191406 0.0009984970092773438
728 0.001993417739868164 0.001995086669921875
729 0.001994609832763672 0.001994609832763672
730 0.001994609832763672 0.0029921531677246094
731 0.001993894577026367 0.0029926300048828125
732 0.001998424530029297 0.0009975433349609375
733 0.0019943714141845703 0.001993894577026367
734 0.000997304916381836 0.002992391586303711
735 0.0009970664978027344 0.0019948482513427734
736 0.0019948482513427734 0.001995086669921875
737 0.0009984970092773438 0.0009961128234863281
738 0.0009970664978027344 0.0010211467742919922
739 0.0009944438934326172 0.0009829998016357422
740 0.0010106563568115234 0.0010313987731933594
741 0.000997304916381836 0.001994609832763672
742 0.001997232437133789 0.0019919872283935547
743 0.001994609832763672 0.0019943714141845703
744 0.000997304916381836 0.0009980201721191406
745 0.001992464065551758 0.0009672641754150391
746 0.0019943714141845703 0.0030248165130615234
747 0.001994609832763672 0.001994609832763672
748 0.001993894577026367 0.0019958019256591797
749 0.001993417739868164 0.0019979476928710938
750 0.0019986629486083984 0.0019631385803222656
751 0.0010318756103515625 0.0010304450988769531
752 0.001994609832763672 0.0019948482513427734
753 0.00196075439453125 0.0019931793212890625
754 0.0009968280792236328 0.000997304916381836
755 0.0020389556884765625 0.002990245819091797
756 0.001992940902709961 0.0019707679748535156
757 0.001994609832763672 0.001994609832763672
758 0.002991914749145508 0.0019948482513427734
759 0.0009970664978027344 0.001993894577026367
760 0.001989603042602539 0.0019943714141845703
761 0.0019941329956054688 0.0019948482513427734
762 0.0019943714141845703 0.001995086669921875
763 0.000997304916381836 0.001993894577026367
764 0.001994609832763672 0.0020284652709960938
765 0.0029921531677246094 0.001995086669921875
766 0.0009965896606445312 0.0010237693786621094
767 0.0019958019256591797 0.000997781753540039
768 0.0009970664978027344 0.0010290145874023438
769 0.0009627342224121094 0.0020248889923095703
770 0.000997304916381836 0.0009970664978027344
771 0.0019943714141845703 0.001993894577026367
772 0.00199127197265625 0.0019941329956054688
773 0.000997304916381836 0.0010306835174560547
774 0.0019941329956054688 0.0019943714141845703
775 0.0009653568267822266 0.002026081085205078
776 0.001995086669921875 0.001995086669921875
777 0.000997304916381836 0.0009980201721191406
778 0.0009613037109375 0.0009639263153076172
779 0.001994609832763672 0.001995086669921875
780 0.0019931793212890625 0.0019614696502685547
781 0.0010309219360351562 0.0009980201721191406
782 0.0019936561584472656 0.00102996826171875
783 0.000997304916381836 0.0019948482513427734
784 0.0019943714141845703 0.0019948482513427734
785 0.001998424530029297 0.0010306835174560547
786 0.0009970664978027344 0.0019927024841308594
787 0.001998424530029297 0.0019588470458984375
788 0.001994609832763672 0.001995086669921875
789 0.000997304916381836 0.001032114028930664
790 0.0009970664978027344 0.0009982585906982422
791 0.001995563507080078 0.002991914749145508
792 0.0029914379119873047 0.0019948482513427734
793 0.000997304916381836 0.000997304916381836
794 0.000997304916381836 0.0019948482513427734
795 0.0009970664978027344 0.0009975433349609375
796 0.0019953250885009766 0.001968860626220703
797 0.001997232437133789 0.001961231231689453
798 0.001994609832763672 0.002027273178100586
799 0.0009970664978027344 0.0019948482513427734
800 0.001994609832763672 0.0019941329956054688
801 0.000997304916381836 0.001994609832763672
802 0.0009980201721191406 0.0019805431365966797
803 0.001994609832763672 0.001995086669921875
804 0.0019941329956054688 0.001989126205444336
805 0.001997232437133789 0.0019953250885009766
806 0.001993894577026367 0.002025604248046875
807 0.0019953250885009766 0.0010280609130859375
808 0.0009975433349609375 0.001993417739868164
809 0.0019943714141845703 0.001996278762817383
810 0.0019941329956054688 0.0019948482513427734
811 0.0019960403442382812 0.0019872188568115234
812 0.0009922981262207031 0.0019941329956054688
813 0.0010006427764892578 0.0029914379119873047
814 0.0019948482513427734 0.002025604248046875
815 0.001996278762817383 0.0019931793212890625
816 0.0019969940185546875 0.0019922256469726562
817 0.001994609832763672 0.001994609832763672
818 0.000995635986328125 0.0019958019256591797
819 0.001994609832763672 0.001031637191772461
820 0.0019948482513427734 0.0019948482513427734
821 0.001995563507080078 0.0029916763305664062
822 0.0019948482513427734 0.001994609832763672
823 0.0019943714141845703 0.000997304916381836
824 0.001999378204345703 0.001990795135498047
825 0.001960277557373047 0.0020263195037841797
826 0.0019974708557128906 0.0019943714141845703
827 0.0009963512420654297 0.0019643306732177734
828 0.0019948482513427734 0.0019686222076416016
829 0.001994609832763672 0.002025604248046875
830 0.0019969940185546875 0.0029592514038085938
831 0.001994609832763672 0.0019953250885009766
832 0.0019948482513427734 0.0019948482513427734
833 0.0020253658294677734 0.001982450485229492
834 0.0019943714141845703 0.001964092254638672
835 0.0019936561584472656 0.001994609832763672
836 0.0009982585906982422 0.001997232437133789
837 0.001993894577026367 0.0019960403442382812
838 0.001992464065551758 0.0020296573638916016
839 0.0009975433349609375 0.0019941329956054688
840 0.0020208358764648438 0.0019686222076416016
841 0.0019903182983398438 0.0029609203338623047
842 0.001992464065551758 0.0019953250885009766
843 0.001994609832763672 0.002992868423461914
844 0.001994609832763672 0.002991914749145508
845 0.001994609832763672 0.0019948482513427734
846 0.0019958019256591797 0.002991914749145508
847 0.0019948482513427734 0.001994609832763672
848 0.001995086669921875 0.001992940902709961
849 0.0019936561584472656 0.0020275115966796875
850 0.002987384796142578 0.0019931793212890625
851 0.0029921531677246094 0.002027273178100586
852 0.0019953250885009766 0.0019631385803222656
853 0.001995086669921875 0.0020275115966796875
854 0.001994609832763672 0.00399017333984375
855 0.0019943714141845703 0.0019943714141845703
856 0.0019960403442382812 0.002989053726196289
857 0.0010008811950683594 0.003953218460083008
858 0.0019943714141845703 0.0019936561584472656
859 0.0019941329956054688 0.0019936561584472656
860 0.001987457275390625 0.001990079879760742
861 0.001998424530029297 0.002008199691772461
862 0.0019643306732177734 0.002991914749145508
863 0.001994609832763672 0.001996278762817383
864 0.0019936561584472656 0.002019166946411133
865 0.001995086669921875 0.0019953250885009766
866 0.001996755599975586 0.0020265579223632812
867 0.0010020732879638672 0.0019636154174804688
868 0.0020263195037841797 0.0029935836791992188
869 0.0019915103912353516 0.002025604248046875
870 0.0019626617431640625 0.003023386001586914
871 0.0009953975677490234 0.0019779205322265625
872 0.0019941329956054688 0.001995086669921875
873 0.0020012855529785156 0.002958059310913086
874 0.0029611587524414062 0.0029926300048828125
875 0.0019943714141845703 0.0029611587524414062
876 0.001994609832763672 0.0020208358764648438
877 0.0019969940185546875 0.001992464065551758
878 0.0019948482513427734 0.0029921531677246094
879 0.0019958019256591797 0.002991914749145508
880 0.0019974708557128906 0.0029582977294921875
881 0.0019998550415039062 0.0029866695404052734
882 0.0029916763305664062 0.001995563507080078
883 0.001995086669921875 0.002993345260620117
884 0.0029959678649902344 0.002954244613647461
885 0.0019948482513427734 0.0030095577239990234
886 0.0019936561584472656 0.002975940704345703
887 0.001992464065551758 0.0019762516021728516
888 0.0019948482513427734 0.0019943714141845703
889 0.0029604434967041016 0.0029914379119873047
890 0.0019922256469726562 0.003954887390136719
891 0.0019919872283935547 0.002029895782470703
892 0.0019979476928710938 0.002959012985229492
893 0.0019965171813964844 0.0019943714141845703
894 0.0019998550415039062 0.001995086669921875
895 0.001994609832763672 0.002991914749145508
896 0.001994609832763672 0.0019948482513427734
897 0.001992464065551758 0.0019960403442382812
898 0.0019948482513427734 0.0019948482513427734
899 0.0019931793212890625 0.0029561519622802734
900 0.0019965171813964844 0.001995563507080078
901 0.001994609832763672 0.0020265579223632812
902 0.0020265579223632812 0.002027750015258789
903 0.0019943714141845703 0.0019948482513427734
904 0.0019919872283935547 0.0029921531677246094
905 0.001992464065551758 0.0029611587524414062
906 0.001993417739868164 0.0020284652709960938
907 0.0020248889923095703 0.0020246505737304688
908 0.0029914379119873047 0.003989696502685547
909 0.0020203590393066406 0.0029654502868652344
910 0.001994609832763672 0.0029611587524414062
911 0.0029916763305664062 0.004986763000488281
912 0.001992464065551758 0.0029985904693603516
913 0.0019953250885009766 0.002025127410888672
914 0.0019953250885009766 0.0020263195037841797
915 0.0029931068420410156 0.03690004348754883
916 0.0019948482513427734 0.002962350845336914
917 0.002756834030151367 0.002986907958984375
918 0.0029959678649902344 0.002955198287963867
919 0.002993345260620117 0.0029914379119873047
920 0.001994609832763672 0.0029611587524414062
921 0.003989458084106445 0.00498652458190918
922 0.002991914749145508 0.002992391586303711
923 0.0019948482513427734 0.002020597457885742
924 0.0029754638671875 0.0030448436737060547
925 0.0029921531677246094 0.0029931068420410156
926 0.0019943714141845703 0.0029914379119873047
927 0.001997709274291992 0.002025604248046875
928 0.001993894577026367 0.004987239837646484
929 0.0019941329956054688 0.0020287036895751953
930 0.002992868423461914 0.0029861927032470703
931 0.0029947757720947266 0.002957582473754883
932 0.0019948482513427734 0.002991914749145508
933 0.0019960403442382812 0.003988504409790039
934 0.001994609832763672 0.002994537353515625
935 0.002991914749145508 0.003025054931640625
936 0.0029914379119873047 0.0029921531677246094
937 0.002991914749145508 0.0030260086059570312
938 0.001995086669921875 0.002991914749145508
939 0.0029916763305664062 0.002962350845336914
940 0.0019643306732177734 0.0030050277709960938
941 0.001994609832763672 0.004986763000488281
942 0.002991199493408203 0.0029916763305664062
943 0.0019948482513427734 0.002991914749145508
944 0.002991914749145508 0.0029611587524414062
945 0.001992464065551758 0.001995563507080078
946 0.002025127410888672 0.0029816627502441406
947 0.0029685497283935547 0.0059735774993896484
948 0.002992391586303711 0.0029599666595458984
949 0.002991914749145508 0.002991914749145508
950 0.0029916763305664062 0.0029921531677246094
951 0.002991914749145508 0.0020227432250976562
952 0.001995563507080078 0.0029931068420410156
953 0.001990079879760742 0.0029878616333007812
954 0.0019927024841308594 0.0030078887939453125
955 0.0029916763305664062 0.003964662551879883
956 0.0019927024841308594 0.002960681915283203
957 0.00199127197265625 0.003023862838745117
958 0.0020759105682373047 0.0030362606048583984
959 0.0029916763305664062 0.0029921531677246094
960 0.0019948482513427734 0.002992868423461914
961 0.0029914379119873047 0.002026081085205078
962 0.001993894577026367 0.002946138381958008
963 0.001996755599975586 0.0029931068420410156
964 0.002991914749145508 0.0029931068420410156
965 0.0019958019256591797 0.0029604434967041016
966 0.002960681915283203 0.0029926300048828125
967 0.001993894577026367 0.0030167102813720703
968 0.002989530563354492 0.0029587745666503906
969 0.002986431121826172 0.0030243396759033203
970 0.0029926300048828125 0.0029599666595458984
971 0.0029926300048828125 0.004986763000488281
972 0.002992391586303711 0.0029609203338623047
973 0.0029916763305664062 0.0029594898223876953
974 0.0019948482513427734 0.002991914749145508
975 0.0029914379119873047 0.003957033157348633
976 0.0029921531677246094 0.003989458084106445
977 0.0029914379119873047 0.003989696502685547
978 0.0029914379119873047 0.003962993621826172
979 0.00199127197265625 0.002969980239868164
980 0.0029611587524414062 0.0039899349212646484
981 0.0029942989349365234 0.002957582473754883
982 0.001994609832763672 0.0029718875885009766
983 0.002959012985229492 0.0029938220977783203
984 0.001995563507080078 0.0029931068420410156
985 0.002991914749145508 0.002985239028930664
986 0.0019927024841308594 0.0029315948486328125
987 0.0020258426666259766 0.003016233444213867
988 0.0030219554901123047 0.002992868423461914
989 0.0029921531677246094 0.003988981246948242
990 0.0029921531677246094 0.003022909164428711
991 0.0019960403442382812 0.0029921531677246094
992 0.0029897689819335938 0.003957033157348633
993 0.0029921531677246094 0.0030193328857421875
994 0.002960205078125 0.003988981246948242
995 0.001994609832763672 0.0039598941802978516
996 0.0029914379119873047 0.003025531768798828
997 0.0030226707458496094 0.0049762725830078125
998 0.001994609832763672 0.0039882659912109375
999 0.001994609832763672 0.002992868423461914
1000 0.002960205078125 0.0059850215911865234
1001 0.001995086669921875 0.0029921531677246094
1002 0.0029921531677246094 0.0029921531677246094
1003 0.002992391586303711 0.003954410552978516
1004 0.002991914749145508 0.0039904117584228516
1005 0.0029549598693847656 0.00399017333984375
1006 0.0029859542846679688 0.003960847854614258
1007 0.0019941329956054688 0.003983020782470703
1008 0.0020253658294677734 0.0030171871185302734
1009 0.002991914749145508 0.0029599666595458984
1010 0.002991914749145508 0.0039904117584228516
1011 0.0029921531677246094 0.002992868423461914
1012 0.002992391586303711 0.0029931068420410156
1013 0.0029604434967041016 0.004016399383544922
1014 0.0029921531677246094 0.003956317901611328
1015 0.0029916763305664062 0.00396275520324707
1016 0.0029909610748291016 0.0039904117584228516
1017 0.002990245819091797 0.0029935836791992188
1018 0.002991914749145508 0.004022359848022461
1019 0.0029916763305664062 0.003006458282470703
1020 0.002991199493408203 0.0030138492584228516
1021 0.002991914749145508 0.0039882659912109375
1022 0.0029935836791992188 0.003957509994506836
1023 0.0029935836791992188 0.0039861202239990234
1024 0.0029931068420410156 0.003027677536010742
